25 2 1
448 9 1
12574 10 1
11469 15 1
12280 19 1
519 25 1
1278 25 1
9924 25 1
12485 25 1
13224 25 1
10849 30 1
688 56 1
554 59 1
10530 62 1
1042 67 1
4811 67 1
10189 67 1
9773 75 1
1196 79 1
13255 79 1
2529 83 1
12030 91 1
11228 92 1
12116 92 1
10358 102 1
9748 105 1
12537 107 1
6667 123 1
10546 123 1
11461 123 1
12133 124 1
3052 149 1
12278 149 1
878 153 1
5456 162 1
1594 179 1
13090 180 1
487 201 1
4273 205 1
8322 205 1
11663 205 1
2720 206 1
836 214 1
3878 214 1
12535 220 1
10350 227 1
750 229 1
12333 229 1
11189 230 1
12549 242 1
12485 251 1
2826 258 1
12345 261 1
11735 264 1
836 267 1
1085 268 1
4872 268 1
10914 274 1
12821 284 1
3675 288 1
13289 288 1
12536 299 1
12839 299 1
2845 301 1
10254 301 1
10277 301 1
11459 301 1
13058 301 1
13118 301 1
3321 309 1
11823 318 1
11735 321 1
6193 335 1
11956 335 1
10666 352 1
11843 353 1
10842 358 1
2034 381 1
162 387 1
2337 397 1
1589 402 1
11922 406 1
352 415 1
6167 415 1
13010 415 1
1958 417 1
11137 417 1
252 428 1
4829 428 1
5206 428 1
10582 428 1
12379 428 1
1001 437 1
2319 437 1
12839 443 1
9 448 1
1037 451 1
462 454 1
11529 456 1
454 462 1
2615 464 1
11943 469 1
2771 476 1
8544 476 1
2530 477 1
11122 481 1
3531 485 1
10666 486 1
4452 487 1
12821 491 1
11625 496 1
878 499 1
2013 501 1
13218 501 1
10189 504 1
588 505 1
571 510 1
675 510 1
11625 510 1
25 519 1
10482 519 1
12111 522 1
12480 522 1
9773 525 1
11437 527 1
1477 533 1
2393 537 1
4191 537 1
6167 537 1
10765 537 1
12637 539 1
2620 542 1
11461 545 1
59 554 1
10827 554 1
11437 554 1
11553 554 1
12621 554 1
13039 563 1
10211 568 1
510 571 1
675 571 1
505 588 1
2269 588 1
10373 588 1
3824 592 1
11502 610 1
11156 621 1
6228 624 1
12361 642 1
3252 644 1
12206 644 1
13237 645 1
7882 646 1
2795 647 1
11989 647 1
12334 647 1
13090 647 1
10658 651 1
510 675 1
571 675 1
3128 675 1
144 683 1
1872 687 1
835 688 1
1782 688 1
10046 688 1
10139 688 1
10211 688 1
11238 688 1
11644 688 1
11873 688 1
12259 688 1
12681 688 1
2485 693 1
11112 693 1
12485 698 1
13071 698 1
12918 707 1
10012 727 1
2615 734 1
11875 734 1
10177 738 1
11170 738 1
8823 743 1
3983 749 1
767 750 1
750 767 1
11223 786 1
11268 804 1
10326 806 1
1001 807 1
698 810 1
10945 822 1
13212 822 1
12370 827 1
6588 829 1
688 835 1
3237 835 1
214 836 1
12243 845 1
10158 862 1
2106 867 1
153 878 1
462 878 1
499 878 1
956 878 1
958 878 1
1465 878 1
1978 878 1
2208 878 1
5310 878 1
6599 878 1
6682 878 1
9853 878 1
9977 878 1
10162 878 1
10463 878 1
10535 878 1
10637 878 1
10827 878 1
10977 878 1
11170 878 1
11546 878 1
12400 878 1
12681 878 1
13003 878 1
13240 878 1
13273 878 1
1978 884 1
11672 884 1
5290 886 1
5992 886 1
11472 897 1
11363 905 1
10220 907 1
11906 915 1
6193 917 1
11891 928 1
1910 929 1
2529 929 1
13206 929 1
13264 929 1
11461 937 1
1041 939 1
11502 952 1
5678 956 1
12096 958 1
12544 962 1
10777 968 1
12159 979 1
10512 980 1
12761 998 1
437 1001 1
13117 1001 1
1724 1008 1
11048 1020 1
10985 1032 1
451 1037 1
10763 1038 1
939 1041 1
67 1042 1
12797 1052 1
268 1085 1
12647 1099 1
10046 1104 1
2724 1110 1
10380 1118 1
1877 1131 1
10624 1144 1
11353 1144 1
12981 1144 1
13185 1144 1
1574 1156 1
1344 1159 1
1222 1169 1
8195 1173 1
1482 1180 1
11891 1180 1
12578 1180 1
79 1196 1
10437 1196 1
9742 1220 1
1169 1222 1
11288 1231 1
10044 1232 1
2449 1245 1
10136 1254 1
1594 1264 1
10424 1264 1
2590 1274 1
25 1278 1
12544 1279 1
11112 1281 1
10740 1283 1
11127 1283 1
11461 1292 1
1418 1296 1
12839 1303 1
2919 1312 1
5991 1312 1
8915 1318 1
1583 1324 1
10674 1337 1
1159 1344 1
13015 1356 1
1375 1369 1
2859 1370 1
9998 1373 1
12502 1374 1
1369 1375 1
12481 1378 1
11311 1393 1
12386 1393 1
6586 1399 1
9853 1409 1
10680 1409 1
11173 1409 1
11195 1409 1
11437 1409 1
1296 1418 1
10913 1421 1
2596 1422 1
10984 1423 1
4699 1428 1
12334 1447 1
4057 1453 1
10977 1465 1
11170 1467 1
12552 1467 1
10121 1476 1
533 1477 1
1911 1478 1
1180 1482 1
12578 1482 1
2050 1488 1
3296 1488 1
2336 1492 1
10565 1510 1
8912 1518 1
2036 1526 1
10267 1536 1
11130 1546 1
397 1557 1
2339 1557 1
6167 1557 1
10343 1557 1
10776 1557 1
10873 1557 1
11113 1557 1
3572 1560 1
10943 1563 1
1156 1574 1
2438 1582 1
1324 1583 1
2123 1600 1
4971 1614 1
10115 1627 1
11615 1627 1
12134 1627 1
9606 1630 1
6228 1634 1
11922 1642 1
12280 1646 1
8915 1652 1
9213 1666 1
11973 1672 1
4694 1707 1
2447 1711 1
1008 1724 1
3561 1730 1
698 1740 1
8915 1742 1
10137 1742 1
12574 1742 1
10776 1756 1
7183 1758 1
13001 1771 1
2776 1778 1
9320 1779 1
688 1782 1
10714 1792 1
10344 1795 1
11461 1795 1
1832 1813 1
10691 1817 1
10921 1822 1
12386 1822 1
1813 1832 1
974 1865 1
2200 1872 1
1452 1873 1
1131 1877 1
10520 1883 1
10518 1901 1
9268 1906 1
929 1910 1
1478 1911 1
11353 1942 1
2710 1952 1
417 1958 1
6053 1958 1
3107 1962 1
2241 1978 1
2096 1983 1
10796 1985 1
5310 1991 1
10343 1991 1
10897 1991 1
11684 1991 1
12975 1991 1
10187 2001 1
12574 2001 1
25 2005 1
11943 2005 1
501 2013 1
10647 2016 1
9883 2027 1
12448 2029 1
381 2034 1
11554 2034 1
11550 2036 1
10945 2042 1
12166 2042 1
10315 2048 1
1488 2050 1
7657 2051 1
12574 2059 1
11195 2067 1
13318 2068 1
10776 2086 1
12280 2088 1
6808 2089 1
10716 2094 1
11253 2096 1
6659 2105 1
867 2106 1
11461 2123 1
3836 2143 1
10137 2145 1
11761 2159 1
3944 2162 1
4872 2162 1
172 2180 1
10358 2188 1
12981 2192 1
1872 2200 1
11615 2202 1
11437 2208 1
12681 2208 1
10121 2222 1
13131 2222 1
12206 2223 1
12280 2223 1
12535 2223 1
11943 2239 1
1978 2241 1
588 2269 1
11461 2284 1
1642 2300 1
2019 2300 1
13016 2300 1
13133 2300 1
13346 2315 1
437 2319 1
11475 2319 1
11583 2329 1
4699 2334 1
7115 2336 1
9896 2336 1
397 2337 1
9883 2339 1
5843 2352 1
9420 2358 1
12681 2371 1
12879 2383 1
10894 2390 1
5349 2393 1
5663 2393 1
7052 2393 1
12111 2400 1
11461 2402 1
12359 2406 1
12975 2417 1
8488 2418 1
13220 2422 1
3219 2423 1
519 2426 1
1822 2426 1
12680 2437 1
1582 2438 1
1711 2447 1
12907 2448 1
1245 2449 1
11461 2449 1
3487 2451 1
12026 2489 1
11070 2512 1
83 2529 1
10358 2529 1
13162 2530 1
10119 2543 1
5992 2566 1
11168 2576 1
1274 2590 1
1422 2596 1
1220 2607 1
4506 2608 1
9825 2609 1
12244 2614 1
464 2615 1
9964 2615 1
11136 2615 1
2748 2617 1
542 2620 1
3106 2621 1
25 2633 1
9179 2639 1
1453 2646 1
11013 2647 1
12632 2651 1
2724 2654 1
3107 2654 1
6882 2654 1
7410 2654 1
8877 2654 1
10665 2654 1
11296 2661 1
11757 2681 1
290 2692 1
12258 2710 1
10254 2716 1
2919 2721 1
3107 2724 1
3237 2724 1
12721 2724 1
12681 2732 1
6171 2739 1
9832 2758 1
10215 2758 1
476 2771 1
5816 2771 1
1778 2776 1
13042 2778 1
1091 2795 1
8823 2797 1
11263 2797 1
11497 2817 1
11625 2817 1
258 2826 1
10659 2829 1
13003 2838 1
301 2845 1
10254 2845 1
11459 2845 1
13118 2845 1
1370 2859 1
7091 2871 1
12746 2871 1
13122 2871 1
13309 2874 1
8059 2875 1
7909 2892 1
10221 2893 1
8915 2895 1
5349 2902 1
5783 2910 1
1312 2919 1
2721 2919 1
4717 2919 1
12206 2919 1
9179 2921 1
6905 2931 1
2393 2936 1
12206 2936 1
7835 2949 1
12080 2952 1
10353 2953 1
4502 2956 1
10969 2980 1
10353 2984 1
961 2996 1
12958 3001 1
12550 3012 1
11461 3013 1
980 3014 1
4052 3028 1
12026 3050 1
3995 3059 1
10776 3066 1
2621 3106 1
6588 3107 1
7402 3107 1
3206 3122 1
675 3128 1
1877 3144 1
10776 3159 1
4872 3167 1
7469 3167 1
13307 3167 1
8836 3176 1
9131 3176 1
10254 3176 1
11437 3176 1
11691 3192 1
11112 3195 1
11252 3206 1
2423 3219 1
3704 3228 1
4552 3235 1
835 3237 1
2724 3237 1
7102 3250 1
644 3252 1
13016 3253 1
3482 3262 1
9917 3264 1
4712 3291 1
5471 3291 1
9773 3296 1
309 3321 1
12026 3349 1
10400 3374 1
12026 3383 1
8445 3387 1
12994 3387 1
13119 3392 1
4536 3408 1
5010 3421 1
5349 3460 1
3392 3475 1
3911 3477 1
2451 3487 1
12173 3487 1
13114 3489 1
5738 3491 1
8267 3491 1
3296 3502 1
10184 3502 1
13289 3502 1
6314 3513 1
8881 3513 1
10517 3513 1
12057 3513 1
12989 3518 1
5004 3522 1
12566 3522 1
2448 3524 1
3532 3525 1
10350 3527 1
3894 3528 1
485 3531 1
3525 3532 1
12628 3543 1
1730 3561 1
6632 3561 1
10149 3561 1
11400 3565 1
12096 3565 1
1560 3572 1
2724 3574 1
4308 3578 1
11661 3579 1
10275 3581 1
4191 3583 1
11499 3584 1
11112 3601 1
11437 3601 1
8672 3614 1
3876 3635 1
12394 3635 1
3505 3675 1
3228 3704 1
11080 3707 1
9364 3710 1
10711 3713 1
12187 3774 1
5564 3786 1
12431 3791 1
8195 3802 1
10752 3811 1
13309 3811 1
778 3815 1
1085 3815 1
5310 3815 1
9853 3815 1
9883 3815 1
11761 3815 1
5816 3824 1
9461 3834 1
2143 3836 1
9883 3847 1
6831 3870 1
3635 3876 1
12394 3876 1
214 3878 1
7361 3887 1
9853 3892 1
3528 3894 1
10776 3897 1
11624 3899 1
3477 3911 1
822 3944 1
1518 3947 1
2347 3952 1
8867 3964 1
130 3966 1
2776 3978 1
2919 3978 1
12693 3983 1
4370 3987 1
8391 3995 1
12746 4011 1
12097 4012 1
5859 4030 1
5308 4052 1
5330 4052 1
5891 4052 1
11437 4052 1
11761 4054 1
1453 4057 1
11356 4062 1
5632 4085 1
4300 4112 1
1740 4120 1
5878 4120 1
10098 4120 1
10385 4120 1
11426 4120 1
11437 4120 1
12379 4120 1
12707 4120 1
8455 4134 1
12026 4134 1
10121 4152 1
3583 4191 1
12390 4191 1
6648 4205 1
3348 4206 1
11461 4210 1
6798 4231 1
205 4273 1
3578 4282 1
11685 4290 1
4521 4296 1
4624 4300 1
7479 4308 1
8848 4308 1
4521 4309 1
6738 4309 1
5419 4317 1
8867 4321 1
1452 4324 1
11461 4341 1
8417 4342 1
9242 4346 1
5922 4349 1
4872 4368 1
11589 4368 1
3987 4370 1
12994 4370 1
11461 4377 1
1133 4396 1
5992 4418 1
5151 4443 1
487 4452 1
5891 4463 1
6882 4477 1
7115 4482 1
9242 4487 1
7202 4488 1
2956 4502 1
12416 4502 1
2608 4506 1
10206 4508 1
12285 4511 1
13346 4517 1
10353 4518 1
11723 4520 1
12173 4530 1
3408 4536 1
1477 4551 1
11112 4551 1
3235 4552 1
7613 4552 1
7091 4577 1
10658 4577 1
8040 4582 1
8195 4607 1
10859 4608 1
11437 4608 1
11008 4630 1
2748 4633 1
8776 4637 1
10607 4678 1
10776 4688 1
1707 4694 1
12882 4696 1
8651 4697 1
2334 4699 1
6470 4699 1
3291 4712 1
12739 4714 1
3275 4731 1
4908 4745 1
4577 4763 1
10658 4763 1
11558 4763 1
162 4795 1
4897 4800 1
13112 4808 1
67 4811 1
10776 4814 1
8538 4815 1
12345 4826 1
428 4829 1
4696 4867 1
10877 4871 1
268 4872 1
3167 4872 1
4983 4896 1
4800 4897 1
9789 4897 1
12488 4897 1
4745 4908 1
6171 4916 1
2447 4932 1
9939 4935 1
12879 4944 1
1614 4971 1
10233 4981 1
4896 4983 1
11955 4983 1
13162 4983 1
7091 4992 1
6612 5004 1
12566 5004 1
13346 5007 1
3421 5010 1
6864 5024 1
2724 5028 1
4721 5033 1
10209 5040 1
10538 5040 1
8172 5050 1
12879 5050 1
13041 5050 1
10343 5129 1
12228 5129 1
4443 5151 1
12575 5161 1
12448 5174 1
3875 5198 1
428 5206 1
9816 5206 1
10122 5210 1
12474 5211 1
12848 5211 1
11461 5214 1
11555 5261 1
10070 5263 1
12746 5269 1
13122 5269 1
6941 5281 1
11273 5281 1
5462 5283 1
886 5290 1
9787 5294 1
2393 5303 1
4052 5308 1
5330 5308 1
5891 5308 1
10182 5310 1
11557 5317 1
4052 5330 1
5308 5330 1
5891 5330 1
7882 5330 1
8953 5335 1
9345 5335 1
428 5338 1
4777 5338 1
11761 5338 1
2393 5349 1
2902 5349 1
3460 5349 1
8881 5349 1
10776 5349 1
10666 5368 1
10859 5392 1
11437 5392 1
5556 5409 1
4317 5419 1
268 5439 1
4831 5439 1
6736 5448 1
2393 5453 1
3513 5453 1
5349 5453 1
10140 5453 1
162 5456 1
5283 5462 1
9910 5462 1
8622 5471 1
10796 5471 1
10143 5478 1
6612 5482 1
7621 5505 1
7500 5518 1
5992 5521 1
162 5530 1
7245 5537 1
5544 5538 1
5538 5544 1
11196 5549 1
5409 5556 1
5992 5563 1
3786 5564 1
9213 5564 1
10915 5564 1
8376 5576 1
10316 5576 1
10658 5587 1
12879 5587 1
13068 5632 1
2393 5663 1
7410 5664 1
12085 5664 1
13016 5674 1
956 5678 1
6363 5712 1
10155 5713 1
3107 5729 1
11196 5729 1
3491 5738 1
12820 5738 1
9780 5740 1
1812 5758 1
13118 5776 1
8563 5779 1
2910 5783 1
10015 5804 1
11222 5806 1
11437 5812 1
2771 5816 1
3824 5816 1
2352 5843 1
4030 5859 1
12444 5859 1
12961 5863 1
9056 5877 1
5950 5878 1
9488 5878 1
4052 5891 1
4463 5891 1
5308 5891 1
5330 5891 1
7882 5891 1
8603 5891 1
6882 5907 1
7256 5921 1
11636 5921 1
4349 5922 1
7115 5944 1
5878 5950 1
4341 5955 1
10122 5966 1
3513 5979 1
5910 5979 1
1312 5991 1
6025 5991 1
10776 5991 1
4418 5992 1
13227 6006 1
12823 6015 1
5991 6025 1
10776 6031 1
3983 6042 1
1958 6053 1
12486 6075 1
12709 6108 1
3107 6124 1
9948 6132 1
397 6144 1
12057 6167 1
4916 6171 1
13237 6171 1
10254 6178 1
335 6193 1
6738 6204 1
624 6228 1
9396 6232 1
11437 6255 1
12693 6262 1
3014 6274 1
3513 6314 1
10658 6331 1
2944 6359 1
6897 6359 1
5712 6363 1
4699 6366 1
4828 6366 1
6361 6387 1
11269 6400 1
10842 6441 1
10121 6462 1
4699 6470 1
10776 6470 1
10776 6475 1
11761 6488 1
11790 6491 1
8245 6494 1
9991 6503 1
12839 6503 1
12681 6504 1
7469 6507 1
9924 6511 1
12254 6511 1
11482 6515 1
10776 6526 1
12693 6526 1
4828 6536 1
10182 6536 1
9780 6574 1
1399 6586 1
829 6588 1
3107 6588 1
12905 6588 1
12057 6599 1
2393 6603 1
3052 6603 1
4582 6603 1
4624 6603 1
5349 6603 1
12400 6603 1
5004 6612 1
5482 6612 1
8902 6612 1
1812 6623 1
3561 6632 1
10397 6633 1
162 6648 1
2105 6659 1
123 6667 1
7411 6676 1
6228 6682 1
12153 6684 1
2393 6693 1
8498 6693 1
8826 6700 1
7621 6701 1
9780 6701 1
1812 6713 1
6321 6723 1
3107 6728 1
5448 6736 1
4309 6738 1
8102 6738 1
11723 6738 1
7115 6740 1
9780 6740 1
3561 6743 1
10364 6765 1
10663 6789 1
4231 6798 1
10846 6798 1
2089 6808 1
8252 6808 1
9345 6808 1
9606 6813 1
12746 6820 1
4983 6824 1
3561 6829 1
3870 6831 1
5024 6864 1
2654 6882 1
4477 6882 1
8417 6882 1
3107 6897 1
2596 6905 1
7657 6905 1
11196 6905 1
5281 6941 1
2393 6943 1
12744 6961 1
8881 6969 1
12391 6988 1
11774 6990 1
2079 6991 1
4878 6991 1
12961 6991 1
12316 7015 1
4944 7036 1
8953 7051 1
2393 7052 1
5349 7052 1
11529 7053 1
2639 7058 1
7202 7074 1
4577 7091 1
4992 7091 1
8672 7091 1
12448 7091 1
12746 7091 1
13122 7091 1
13039 7102 1
2336 7115 1
4482 7115 1
7183 7115 1
8424 7115 1
12839 7147 1
11522 7182 1
7115 7183 1
7195 7220 1
5537 7245 1
10776 7251 1
9345 7253 1
5921 7256 1
7115 7256 1
6700 7268 1
2710 7269 1
11338 7269 1
12746 7292 1
11112 7303 1
1812 7307 1
12994 7307 1
11112 7326 1
10116 7351 1
3887 7361 1
11365 7391 1
3107 7402 1
11252 7402 1
7637 7410 1
6676 7411 1
3107 7412 1
10375 7462 1
3167 7469 1
10796 7479 1
7410 7481 1
7637 7481 1
12140 7481 1
5518 7500 1
8424 7501 1
11467 7501 1
778 7515 1
11763 7515 1
10835 7554 1
12776 7593 1
11332 7595 1
6738 7600 1
2871 7611 1
7091 7611 1
12746 7611 1
13122 7611 1
9242 7613 1
6701 7621 1
7410 7637 1
12483 7651 1
6905 7657 1
2710 7664 1
7091 7692 1
9826 7692 1
9832 7692 1
7705 7725 1
5040 7746 1
2949 7835 1
9215 7872 1
10776 7874 1
5330 7882 1
5891 7882 1
3387 7909 1
9977 7909 1
10122 7909 1
10918 7909 1
12960 7909 1
11630 7955 1
3107 8005 1
4582 8040 1
2875 8059 1
6738 8102 1
11437 8104 1
12817 8108 1
5663 8113 1
4607 8195 1
13162 8230 1
13051 8243 1
6494 8245 1
10255 8247 1
6808 8252 1
2639 8266 1
3491 8267 1
11338 8271 1
10658 8322 1
162 8333 1
11478 8352 1
13255 8353 1
5576 8376 1
10796 8391 1
8292 8399 1
11437 8413 1
4342 8417 1
7115 8424 1
9840 8424 1
8424 8429 1
12451 8430 1
9345 8445 1
1337 8454 1
4134 8455 1
10796 8478 1
12049 8478 1
79 8487 1
6693 8498 1
3096 8513 1
1326 8532 1
4815 8538 1
476 8544 1
11499 8560 1
13255 8584 1
5891 8603 1
11437 8608 1
5738 8619 1
6700 8621 1
5471 8622 1
8836 8636 1
13255 8636 1
13255 8642 1
4697 8651 1
10658 8657 1
13255 8662 1
7091 8672 1
13063 8720 1
487 8721 1
6648 8723 1
11437 8726 1
2393 8737 1
6738 8738 1
162 8763 1
12746 8763 1
10796 8779 1
6131 8794 1
11997 8815 1
743 8823 1
6700 8826 1
3176 8836 1
4308 8848 1
3601 8864 1
2208 8865 1
9964 8865 1
11437 8865 1
3964 8867 1
4321 8867 1
2654 8877 1
162 8880 1
3513 8881 1
5349 8881 1
6969 8881 1
10517 8881 1
12057 8881 1
12879 8881 1
13041 8881 1
6612 8902 1
1518 8912 1
10859 8915 1
11437 8915 1
9970 8975 1
1507 8979 1
12053 8980 1
11139 8986 1
3983 9023 1
9037 9030 1
9030 9037 1
7578 9049 1
4881 9050 1
5877 9056 1
162 9061 1
3491 9072 1
6798 9072 1
162 9079 1
11196 9096 1
11461 9100 1
5349 9116 1
11080 9129 1
3176 9131 1
10254 9131 1
504 9153 1
162 9169 1
7559 9176 1
2639 9179 1
12879 9179 1
13041 9179 1
9538 9208 1
5564 9213 1
7872 9215 1
4467 9228 1
4487 9242 1
12007 9242 1
10701 9247 1
11461 9252 1
3421 9264 1
1906 9268 1
11437 9277 1
12818 9291 1
3983 9320 1
10098 9320 1
10472 9320 1
10894 9320 1
12411 9322 1
2596 9324 1
11437 9324 1
11437 9325 1
6808 9345 1
402 9389 1
6232 9396 1
3834 9461 1
9100 9461 1
9780 9461 1
13050 9461 1
13120 9461 1
10275 9481 1
10316 9486 1
5878 9488 1
5204 9490 1
162 9510 1
10182 9534 1
9534 9554 1
2724 9581 1
10986 9585 1
12057 9585 1
6813 9606 1
4624 9612 1
9534 9612 1
4717 9614 1
2393 9623 1
12379 9623 1
10637 9725 1
11104 9730 1
3107 9733 1
13334 9742 1
12548 9743 1
539 9745 1
10668 9745 1
11253 9745 1
13003 9745 1
6421 9747 1
105 9748 1
8915 9750 1
12026 9754 1
12490 9754 1
75 9773 1
525 9773 1
3296 9773 1
11899 9773 1
12386 9773 1
12582 9773 1
25 9778 1
6701 9780 1
6740 9780 1
4897 9789 1
487 9794 1
2339 9794 1
5310 9794 1
10067 9794 1
10335 9794 1
11189 9794 1
12850 9794 1
13003 9794 1
205 9810 1
13100 9810 1
9 9816 1
5206 9816 1
3139 9822 1
2609 9825 1
12746 9827 1
13003 9836 1
8424 9840 1
4521 9844 1
10022 9844 1
10572 9850 1
2001 9851 1
3491 9851 1
10879 9851 1
12995 9851 1
10189 9852 1
10589 9852 1
12995 9853 1
11292 9864 1
12073 9864 1
13028 9864 1
13240 9864 1
13080 9868 1
4624 9872 1
10142 9874 1
9748 9878 1
2339 9883 1
11205 9883 1
2393 9890 1
10776 9890 1
2336 9896 1
5462 9910 1
3264 9917 1
25 9924 1
6511 9924 1
12096 9924 1
2859 9926 1
1399 9931 1
3252 9931 1
3707 9931 1
10184 9931 1
13348 9931 1
4696 9937 1
2621 9939 1
4935 9939 1
12839 9941 1
5891 9947 1
12839 9947 1
12826 9948 1
10782 9951 1
10088 9958 1
2615 9964 1
10859 9964 1
11224 9964 1
11437 9964 1
8975 9970 1
5456 9977 1
7909 9977 1
12578 9981 1
10220 9982 1
12574 9985 1
6503 9991 1
6441 9993 1
8353 9997 1
10637 9997 1
1373 9998 1
11288 9998 1
12321 10002 1
12187 10003 1
9948 10009 1
11549 10009 1
10956 10010 1
727 10012 1
4191 10013 1
9844 10022 1
12259 10022 1
12280 10026 1
13265 10035 1
6171 10040 1
10975 10042 1
1232 10044 1
10316 10044 1
688 10046 1
10412 10057 1
11407 10058 1
10796 10059 1
11758 10067 1
5263 10070 1
11437 10075 1
10343 10078 1
6648 10080 1
10796 10080 1
5793 10088 1
9958 10088 1
10894 10088 1
12029 10088 1
2239 10092 1
12026 10092 1
10351 10094 1
12380 10094 1
2302 10095 1
11437 10099 1
11918 10100 1
9447 10105 1
11672 10105 1
12026 10105 1
11549 10108 1
1627 10115 1
10137 10115 1
7351 10116 1
11761 10119 1
2222 10121 1
10225 10121 1
5966 10122 1
7909 10122 1
12096 10126 1
11346 10128 1
3892 10134 1
12535 10135 1
1254 10136 1
1742 10137 1
688 10139 1
5453 10140 1
9991 10140 1
12721 10140 1
9874 10142 1
1085 10143 1
5478 10143 1
1730 10149 1
3561 10149 1
5713 10155 1
10796 10155 1
862 10158 1
12709 10162 1
10943 10173 1
11170 10177 1
11917 10178 1
11045 10179 1
5310 10182 1
9534 10182 1
3296 10184 1
3502 10184 1
13289 10184 1
2001 10187 1
9853 10187 1
4508 10206 1
5040 10209 1
688 10211 1
12584 10211 1
11348 10212 1
13206 10212 1
2758 10215 1
10716 10215 1
2893 10221 1
10121 10225 1
6321 10238 1
12758 10241 1
698 10244 1
11021 10244 1
4321 10250 1
301 10254 1
2716 10254 1
2845 10254 1
3176 10254 1
4052 10254 1
5674 10254 1
6178 10254 1
9131 10254 1
11459 10254 1
13118 10254 1
3107 10256 1
1536 10267 1
10910 10267 1
9481 10275 1
301 10277 1
13224 10277 1
13291 10277 1
12536 10290 1
11558 10311 1
2048 10315 1
5576 10316 1
12490 10316 1
4916 10326 1
12187 10334 1
10914 10336 1
11579 10336 1
12401 10336 1
1991 10343 1
9320 10343 1
10078 10343 1
10776 10343 1
11529 10343 1
11684 10343 1
1795 10344 1
227 10350 1
10094 10351 1
10985 10352 1
2984 10353 1
11761 10353 1
13346 10353 1
11555 10354 1
102 10358 1
2188 10358 1
2529 10358 1
10368 10358 1
12536 10358 1
12839 10358 1
6765 10364 1
10358 10368 1
12707 10368 1
588 10373 1
7462 10375 1
1118 10380 1
10995 10380 1
11228 10380 1
4120 10385 1
10776 10385 1
11282 10385 1
11353 10394 1
6633 10397 1
1311 10399 1
3374 10400 1
10520 10406 1
10057 10412 1
10364 10419 1
12760 10419 1
12014 10421 1
1264 10424 1
2529 10425 1
1196 10437 1
10849 10441 1
162 10449 1
12226 10454 1
11045 10456 1
10943 10458 1
11715 10460 1
11437 10463 1
13003 10465 1
13020 10466 1
9320 10472 1
519 10482 1
10624 10491 1
11761 10494 1
12249 10501 1
980 10512 1
10215 10512 1
10584 10515 1
12483 10515 1
3513 10517 1
8881 10517 1
1901 10518 1
1883 10520 1
3364 10522 1
13058 10527 1
12574 10528 1
539 10533 1
12026 10533 1
153 10535 1
252 10535 1
878 10535 1
10099 10535 1
11502 10535 1
25 10538 1
12026 10539 1
12199 10543 1
123 10546 1
12563 10546 1
11954 10548 1
12278 10548 1
1510 10565 1
13268 10565 1
9850 10572 1
428 10582 1
9948 10582 1
11566 10582 1
12029 10583 1
10515 10584 1
9852 10589 1
11017 10590 1
688 10592 1
12486 10595 1
4678 10607 1
12588 10622 1
13162 10622 1
12879 10624 1
10776 10629 1
533 10631 1
5992 10631 1
10067 10634 1
12342 10634 1
12680 10634 1
878 10637 1
3815 10637 1
9725 10637 1
13351 10637 1
11300 10640 1
11400 10640 1
13010 10643 1
11555 10649 1
10657 10656 1
10656 10657 1
4577 10658 1
4763 10658 1
2829 10659 1
11206 10663 1
2393 10665 1
12690 10665 1
11437 10666 1
1467 10668 1
2393 10668 1
5349 10668 1
8445 10668 1
9745 10668 1
10949 10668 1
11465 10668 1
11549 10668 1
12026 10668 1
12206 10668 1
13003 10668 1
13273 10668 1
1337 10674 1
1409 10680 1
10319 10683 1
11672 10683 1
11976 10689 1
1817 10691 1
11948 10699 1
13273 10702 1
11461 10709 1
3713 10711 1
12334 10715 1
2094 10716 1
10215 10716 1
13062 10721 1
3139 10728 1
13122 10734 1
1095 10738 1
1283 10740 1
11568 10744 1
11464 10746 1
12680 10746 1
11684 10748 1
13118 10748 1
12346 10751 1
3811 10752 1
12356 10753 1
2451 10761 1
1038 10763 1
12029 10763 1
537 10765 1
5349 10776 1
12729 10776 1
968 10777 1
13334 10782 1
8779 10796 1
11558 10796 1
12710 10796 1
11319 10805 1
12473 10805 1
12879 10805 1
11482 10821 1
554 10827 1
7554 10835 1
358 10842 1
6441 10842 1
7595 10842 1
11346 10842 1
6798 10846 1
10441 10849 1
11414 10850 1
799 10859 1
2208 10859 1
5392 10859 1
8915 10859 1
9964 10859 1
10311 10859 1
10351 10859 1
11437 10859 1
11554 10859 1
11843 10859 1
12111 10859 1
12352 10859 1
12681 10859 1
12783 10859 1
907 10870 1
10637 10870 1
4871 10877 1
6167 10878 1
12183 10879 1
2902 10894 1
9213 10894 1
9320 10894 1
12823 10909 1
10267 10910 1
1421 10913 1
274 10914 1
12854 10914 1
5564 10915 1
9345 10915 1
7909 10918 1
1822 10921 1
3296 10930 1
11416 10943 1
822 10945 1
2042 10945 1
13239 10945 1
10010 10956 1
698 10957 1
12783 10957 1
11456 10964 1
13122 10969 1
8915 10972 1
10042 10975 1
1465 10977 1
10003 10984 1
1032 10985 1
10352 10985 1
11170 10985 1
9585 10986 1
810 10995 1
10380 10995 1
3107 11000 1
3107 11003 1
2724 11009 1
2647 11013 1
5544 11013 1
11137 11014 1
12758 11016 1
10590 11017 1
11461 11024 1
12320 11024 1
2944 11026 1
9345 11028 1
12284 11028 1
12608 11036 1
230 11039 1
12026 11039 1
10456 11045 1
25 11048 1
1020 11048 1
13263 11054 1
10277 11055 1
13045 11060 1
8915 11069 1
2512 11070 1
8267 11078 1
3707 11080 1
11849 11080 1
4624 11083 1
10956 11085 1
11327 11093 1
12885 11096 1
9320 11107 1
7115 11109 1
3601 11112 1
11334 11117 1
12177 11117 1
481 11122 1
13288 11122 1
1283 11127 1
2615 11136 1
417 11137 1
11014 11137 1
11547 11137 1
2874 11149 1
11499 11149 1
621 11156 1
10666 11162 1
2576 11168 1
539 11169 1
11989 11169 1
1467 11170 1
2001 11170 1
10177 11170 1
1409 11173 1
11437 11173 1
11440 11176 1
12766 11188 1
230 11189 1
1409 11195 1
2067 11195 1
6522 11195 1
6905 11196 1
1452 11201 1
10776 11201 1
12026 11201 1
12882 11205 1
10663 11206 1
12057 11206 1
5806 11222 1
11922 11222 1
12280 11222 1
786 11223 1
9896 11223 1
9964 11224 1
10380 11228 1
13306 11228 1
688 11238 1
3206 11252 1
7402 11252 1
2096 11253 1
9745 11253 1
13111 11258 1
2797 11263 1
3487 11263 1
804 11268 1
6400 11269 1
4521 11271 1
5281 11273 1
13118 11282 1
1231 11288 1
9998 11288 1
321 11289 1
11735 11289 1
13236 11289 1
7853 11291 1
9864 11292 1
11923 11294 1
2661 11296 1
10640 11300 1
1465 11307 1
1393 11311 1
10805 11319 1
539 11327 1
5310 11327 1
11093 11327 1
7595 11332 1
5713 11334 1
11117 11334 1
8271 11338 1
3252 11342 1
11558 11342 1
10128 11346 1
10842 11346 1
1742 11348 1
3572 11348 1
9853 11348 1
10212 11348 1
11045 11348 1
12573 11348 1
12813 11348 1
10394 11353 1
905 11363 1
10530 11367 1
12493 11378 1
12591 11379 1
92 11385 1
2393 11399 1
3565 11400 1
4377 11407 1
10850 11414 1
10943 11416 1
12673 11426 1
6228 11427 1
554 11437 1
2208 11437 1
3176 11437 1
3601 11437 1
8608 11437 1
8726 11437 1
9964 11437 1
10666 11437 1
11173 11437 1
12506 11437 1
13318 11437 1
12026 11441 1
11918 11446 1
10964 11456 1
301 11459 1
2845 11459 1
5462 11459 1
10254 11459 1
13118 11459 1
4377 11461 1
10709 11461 1
12444 11461 1
10746 11464 1
7501 11467 1
15 11469 1
10149 11470 1
11502 11470 1
897 11472 1
2555 11473 1
11672 11473 1
2319 11475 1
11021 11476 1
6515 11482 1
10821 11482 1
4191 11493 1
9745 11493 1
11874 11493 1
12026 11493 1
12573 11493 1
2817 11497 1
12026 11498 1
610 11502 1
952 11502 1
10535 11502 1
11761 11502 1
12544 11502 1
6167 11508 1
10182 11513 1
11991 11513 1
9 11517 1
448 11517 1
5221 11517 1
7182 11522 1
13267 11524 1
12161 11546 1
11137 11547 1
12775 11548 1
12238 11549 1
2036 11550 1
554 11553 1
2034 11554 1
10177 11554 1
4377 11555 1
5261 11555 1
10354 11555 1
5317 11557 1
10311 11558 1
10796 11558 1
13225 11562 1
13133 11563 1
9345 11564 1
10582 11566 1
10859 11567 1
13058 11567 1
13209 11567 1
5992 11568 1
10744 11568 1
10336 11579 1
11437 11582 1
2329 11583 1
11589 11584 1
4992 11588 1
11584 11589 1
12477 11591 1
1627 11615 1
2202 11615 1
10949 11619 1
10859 11621 1
1832 11622 1
13120 11624 1
496 11625 1
510 11625 1
2817 11625 1
12545 11625 1
7955 11630 1
5921 11636 1
10590 11636 1
12321 11636 1
688 11644 1
12864 11657 1
2393 11658 1
3579 11661 1
12734 11661 1
205 11663 1
1822 11663 1
1781 11666 1
884 11672 1
11473 11672 1
1991 11684 1
5310 11684 1
10343 11684 1
10748 11684 1
3192 11691 1
11586 11692 1
12239 11692 1
12856 11707 1
2337 11709 1
12552 11710 1
10460 11715 1
939 11719 1
4520 11723 1
6738 11723 1
13131 11723 1
264 11735 1
321 11735 1
11289 11735 1
13236 11735 1
5310 11740 1
8915 11755 1
10859 11755 1
1795 11757 1
539 11758 1
10067 11758 1
6488 11761 1
10119 11761 1
10353 11761 1
12717 11761 1
3387 11763 1
10859 11763 1
11437 11763 1
13118 11763 1
6990 11774 1
2596 11779 1
11715 11785 1
6491 11790 1
1091 11791 1
13236 11792 1
624 11795 1
1164 11795 1
2395 11795 1
12880 11795 1
13003 11795 1
13119 11795 1
12094 11807 1
318 11823 1
11843 11824 1
4897 11832 1
10859 11833 1
11843 11842 1
353 11843 1
10859 11843 1
11842 11843 1
11080 11849 1
12344 11863 1
688 11873 1
11493 11874 1
2615 11875 1
12962 11881 1
13041 11882 1
12451 11884 1
1180 11891 1
11461 11891 1
11448 11895 1
9773 11899 1
13139 11900 1
11975 11906 1
13240 11906 1
12280 11917 1
406 11922 1
1642 11922 1
11294 11923 1
12588 11923 1
10666 11924 1
10870 11924 1
12432 11931 1
12550 11931 1
5992 11932 1
9850 11941 1
469 11943 1
1374 11943 1
2005 11943 1
2859 11943 1
12187 11943 1
12813 11943 1
13289 11943 1
5632 11945 1
10699 11948 1
10548 11954 1
4983 11955 1
335 11956 1
10331 11958 1
3802 11961 1
4191 11968 1
4511 11968 1
1536 11973 1
1672 11973 1
11906 11975 1
10689 11976 1
3296 11981 1
10206 11989 1
11169 11989 1
12879 11989 1
83 11991 1
8815 11997 1
417 12000 1
12056 12009 1
10421 12014 1
11112 12026 1
13185 12028 1
13240 12028 1
10088 12029 1
10583 12029 1
10763 12029 1
91 12030 1
642 12050 1
12096 12050 1
12574 12050 1
1326 12054 1
10744 12054 1
12009 12056 1
12026 12056 1
12477 12056 1
3107 12057 1
3513 12057 1
6167 12057 1
6599 12057 1
8881 12057 1
9585 12057 1
11206 12057 1
12077 12057 1
767 12058 1
9864 12073 1
12057 12077 1
4157 12083 1
5664 12085 1
13185 12085 1
11807 12094 1
3565 12096 1
12050 12096 1
13050 12096 1
4012 12097 1
13304 12104 1
10776 12106 1
13133 12108 1
522 12111 1
2400 12111 1
13309 12111 1
12445 12114 1
92 12116 1
124 12133 1
1627 12134 1
12316 12140 1
67 12152 1
12333 12153 1
12344 12158 1
979 12159 1
12073 12162 1
12758 12163 1
2042 12166 1
3487 12173 1
4530 12173 1
11535 12174 1
11117 12177 1
10879 12183 1
3774 12187 1
10003 12187 1
10334 12187 1
12577 12187 1
10543 12199 1
644 12206 1
2919 12206 1
10668 12206 1
13140 12213 1
1778 12215 1
11437 12215 1
10454 12226 1
11529 12228 1
7677 12231 1
11549 12238 1
845 12243 1
2614 12244 1
12690 12248 1
10501 12249 1
10776 12252 1
6511 12254 1
2710 12258 1
688 12259 1
10022 12259 1
2055 12265 1
10277 12266 1
3052 12278 1
10548 12278 1
19 12280 1
1646 12280 1
10026 12280 1
11917 12280 1
4511 12285 1
7102 12297 1
13309 12297 1
9936 12304 1
12721 12312 1
7015 12316 1
12140 12316 1
11024 12320 1
10002 12321 1
11636 12321 1
12483 12323 1
652 12328 1
12550 12332 1
229 12333 1
12153 12333 1
10715 12334 1
10394 12336 1
10776 12339 1
6948 12341 1
10634 12342 1
11863 12344 1
12158 12344 1
261 12345 1
4826 12345 1
10751 12346 1
10859 12352 1
10753 12356 1
11985 12356 1
13237 12356 1
2406 12359 1
642 12361 1
11366 12367 1
827 12370 1
1822 12373 1
10622 12373 1
10094 12380 1
12680 12383 1
1822 12386 1
11334 12387 1
6988 12391 1
3635 12394 1
3876 12394 1
12536 12396 1
12839 12396 1
10336 12401 1
4502 12416 1
12777 12416 1
3791 12431 1
9780 12431 1
11931 12432 1
12550 12432 1
11461 12444 1
12114 12445 1
13220 12446 1
2029 12448 1
7091 12448 1
8430 12451 1
11884 12451 1
10859 12452 1
11437 12452 1
2555 12471 1
10805 12473 1
3125 12479 1
522 12480 1
13003 12481 1
12323 12483 1
25 12485 1
698 12485 1
6075 12486 1
4897 12488 1
9754 12490 1
10316 12490 1
2088 12493 1
11378 12493 1
12214 12494 1
1374 12502 1
11437 12506 1
10134 12508 1
220 12535 1
2223 12535 1
10135 12535 1
2529 12536 1
10290 12536 1
10358 12536 1
107 12537 1
11625 12545 1
13240 12545 1
11931 12550 1
12332 12550 1
1467 12552 1
11710 12552 1
10546 12563 1
3522 12566 1
5004 12566 1
11493 12573 1
2001 12574 1
2059 12574 1
9985 12574 1
5161 12575 1
11437 12575 1
12187 12577 1
1180 12578 1
1482 12578 1
9981 12578 1
9773 12582 1
10211 12584 1
10622 12588 1
11923 12588 1
11379 12591 1
12026 12591 1
10943 12594 1
2902 12595 1
10776 12595 1
12026 12595 1
12879 12598 1
13041 12598 1
554 12621 1
3543 12628 1
2651 12632 1
539 12637 1
10344 12640 1
12481 12648 1
10098 12652 1
11426 12673 1
13133 12673 1
2437 12680 1
10634 12680 1
10746 12680 1
688 12681 1
2208 12681 1
12839 12682 1
10002 12690 1
10539 12690 1
10665 12690 1
12248 12690 1
3983 12693 1
12813 12693 1
12502 12694 1
6108 12709 1
10162 12709 1
10796 12710 1
11761 12717 1
2724 12721 1
10140 12721 1
2732 12724 1
519 12728 1
10776 12729 1
11661 12734 1
10796 12739 1
11117 12739 1
11264 12739 1
12359 12739 1
6961 12744 1
10244 12745 1
11502 12745 1
2871 12746 1
4011 12746 1
5269 12746 1
6820 12746 1
7091 12746 1
7292 12746 1
13122 12746 1
4191 12755 1
12566 12755 1
13003 12755 1
12163 12758 1
3348 12760 1
998 12761 1
11378 12764 1
11188 12766 1
335 12773 1
12544 12773 1
12713 12773 1
11548 12775 1
7593 12776 1
1337 12777 1
12416 12777 1
4191 12780 1
10859 12783 1
11763 12783 1
1052 12797 1
13020 12797 1
10522 12813 1
12693 12813 1
12915 12813 1
8108 12817 1
9291 12818 1
13001 12818 1
5738 12820 1
284 12821 1
491 12821 1
10909 12823 1
9948 12826 1
11761 12826 1
6503 12839 1
7147 12839 1
10358 12839 1
5211 12848 1
1283 12850 1
358 12853 1
2393 12853 1
5663 12853 1
10776 12853 1
10088 12854 1
10914 12854 1
11657 12864 1
13289 12870 1
162 12878 1
2383 12879 1
4944 12879 1
8881 12879 1
9179 12879 1
10624 12879 1
10805 12879 1
11989 12879 1
12598 12879 1
13041 12879 1
8915 12880 1
10835 12880 1
4696 12882 1
9948 12882 1
11205 12882 1
11096 12885 1
11586 12896 1
12818 12902 1
6588 12905 1
2448 12907 1
12813 12915 1
707 12918 1
11461 12955 1
7909 12960 1
5863 12961 1
11881 12962 1
4828 12967 1
274 12971 1
2724 12971 1
5310 12971 1
11195 12971 1
1991 12975 1
2417 12975 1
13126 12980 1
2192 12981 1
8915 12986 1
4370 12994 1
3491 12995 1
9853 12995 1
4624 12997 1
9534 12997 1
1771 13001 1
12818 13001 1
10668 13003 1
12483 13004 1
415 13010 1
6228 13010 1
10643 13010 1
11461 13010 1
1356 13015 1
5674 13016 1
10466 13020 1
9864 13028 1
10244 13033 1
563 13039 1
8881 13041 1
9179 13041 1
10658 13041 1
11882 13041 1
12598 13041 1
12879 13041 1
2778 13042 1
11060 13045 1
2724 13048 1
12096 13050 1
862 13051 1
8243 13051 1
301 13058 1
10527 13058 1
10721 13062 1
8720 13063 1
5632 13068 1
698 13071 1
8488 13076 1
9868 13080 1
12280 13090 1
9810 13100 1
11567 13110 1
11258 13111 1
698 13112 1
4808 13112 1
3489 13114 1
1001 13117 1
301 13118 1
2845 13118 1
4052 13118 1
5776 13118 1
8915 13118 1
10254 13118 1
10748 13118 1
11437 13118 1
11459 13118 1
11763 13118 1
3392 13119 1
11498 13119 1
11795 13119 1
12162 13119 1
11624 13120 1
2871 13122 1
5269 13122 1
7091 13122 1
10969 13122 1
2222 13131 1
10539 13133 1
11426 13133 1
11534 13133 1
11563 13133 1
12108 13133 1
12673 13133 1
5167 13134 1
2956 13139 1
11900 13139 1
12258 13139 1
12213 13140 1
2530 13162 1
4983 13162 1
11922 13168 1
12544 13168 1
13003 13168 1
688 13169 1
11228 13183 1
12085 13185 1
929 13206 1
11567 13209 1
822 13212 1
501 13218 1
4678 13218 1
2422 13220 1
25 13224 1
10277 13224 1
11562 13225 1
6006 13227 1
75 13229 1
11289 13236 1
11735 13236 1
11792 13236 1
645 13237 1
2222 13237 1
10945 13239 1
9864 13240 1
11906 13240 1
10776 13241 1
3120 13250 1
13348 13250 1
79 13255 1
11054 13263 1
929 13264 1
10035 13265 1
11524 13267 1
10565 13268 1
12198 13268 1
12680 13268 1
12680 13270 1
10702 13273 1
5831 13280 1
11122 13288 1
288 13289 1
3502 13289 1
10184 13289 1
11672 13289 1
11943 13289 1
12870 13289 1
4309 13291 1
5563 13291 1
10277 13291 1
12393 13291 1
12104 13304 1
11228 13306 1
3167 13307 1
13346 13307 1
2874 13309 1
12111 13309 1
11583 13311 1
13099 13317 1
2068 13318 1
11437 13318 1
11761 13331 1
9742 13334 1
10782 13334 1
10353 13346 1
13307 13346 1
10637 13351 1
1278 13364 1
10776 13365 1
