2087 1 1
10864 1 1
3854 2 1
9489 2 1
9718 3 1
47 4 1
232 4 1
261 4 1
310 4 1
359 4 1
420 4 1
482 4 1
485 4 1
490 4 1
491 4 1
496 4 1
508 4 1
560 4 1
563 4 1
568 4 1
603 4 1
663 4 1
678 4 1
708 4 1
722 4 1
803 4 1
814 4 1
821 4 1
841 4 1
866 4 1
893 4 1
940 4 1
949 4 1
960 4 1
967 4 1
1014 4 1
1020 4 1
1049 4 1
1054 4 1
1079 4 1
1168 4 1
1173 4 1
1179 4 1
1195 4 1
1213 4 1
1227 4 1
1259 4 1
1304 4 1
1311 4 1
1328 4 1
1353 4 1
1366 4 1
1394 4 1
1438 4 1
1467 4 1
1485 4 1
1513 4 1
1551 4 1
1684 4 1
1785 4 1
1886 4 1
1895 4 1
1896 4 1
1905 4 1
1991 4 1
2026 4 1
2034 4 1
2054 4 1
2063 4 1
2111 4 1
2112 4 1
2167 4 1
2176 4 1
2177 4 1
2202 4 1
2218 4 1
2230 4 1
2402 4 1
2416 4 1
2426 4 1
2427 4 1
2433 4 1
2444 4 1
2458 4 1
2484 4 1
2496 4 1
2611 4 1
2678 4 1
2713 4 1
2728 4 1
2771 4 1
2777 4 1
2798 4 1
2801 4 1
2806 4 1
2863 4 1
2897 4 1
2899 4 1
2988 4 1
3037 4 1
3055 4 1
3066 4 1
3128 4 1
3129 4 1
3266 4 1
3271 4 1
3301 4 1
3311 4 1
3318 4 1
3320 4 1
3340 4 1
3516 4 1
3586 4 1
3605 4 1
3654 4 1
3671 4 1
3672 4 1
3729 4 1
3733 4 1
3754 4 1
3841 4 1
3920 4 1
3935 4 1
3996 4 1
4050 4 1
4064 4 1
4098 4 1
4121 4 1
4149 4 1
4158 4 1
4160 4 1
4214 4 1
4225 4 1
4323 4 1
4331 4 1
4505 4 1
4527 4 1
4542 4 1
4554 4 1
4556 4 1
4565 4 1
4575 4 1
4596 4 1
4621 4 1
4696 4 1
4831 4 1
4892 4 1
4929 4 1
4963 4 1
4966 4 1
4989 4 1
4995 4 1
5038 4 1
5046 4 1
5050 4 1
5061 4 1
5083 4 1
5115 4 1
5138 4 1
5232 4 1
5290 4 1
5430 4 1
5478 4 1
5489 4 1
5499 4 1
5510 4 1
5512 4 1
5520 4 1
5537 4 1
5633 4 1
5643 4 1
5651 4 1
5653 4 1
5663 4 1
5669 4 1
5683 4 1
5710 4 1
5757 4 1
5810 4 1
5888 4 1
5914 4 1
5925 4 1
5932 4 1
5937 4 1
5976 4 1
6010 4 1
6107 4 1
6139 4 1
6249 4 1
6253 4 1
6341 4 1
6368 4 1
6414 4 1
6431 4 1
6435 4 1
6448 4 1
6536 4 1
6657 4 1
6698 4 1
6702 4 1
6729 4 1
6730 4 1
6732 4 1
6763 4 1
6780 4 1
6800 4 1
6830 4 1
6839 4 1
6864 4 1
6898 4 1
6916 4 1
6985 4 1
7008 4 1
7030 4 1
7071 4 1
7079 4 1
7098 4 1
7157 4 1
7169 4 1
7171 4 1
7179 4 1
7197 4 1
7289 4 1
7303 4 1
7328 4 1
7329 4 1
7340 4 1
7349 4 1
7355 4 1
7372 4 1
7384 4 1
7413 4 1
7442 4 1
7446 4 1
7459 4 1
7493 4 1
7502 4 1
7583 4 1
7615 4 1
7715 4 1
7852 4 1
7969 4 1
8015 4 1
8023 4 1
8118 4 1
8180 4 1
8208 4 1
8218 4 1
8239 4 1
8278 4 1
8346 4 1
8368 4 1
8371 4 1
8392 4 1
8405 4 1
8444 4 1
8460 4 1
8462 4 1
8468 4 1
8505 4 1
8514 4 1
8594 4 1
8692 4 1
8758 4 1
8864 4 1
8885 4 1
8997 4 1
9016 4 1
9025 4 1
9102 4 1
9121 4 1
9126 4 1
9162 4 1
9201 4 1
9281 4 1
9312 4 1
9337 4 1
9394 4 1
9395 4 1
9477 4 1
9505 4 1
9548 4 1
9598 4 1
9618 4 1
9619 4 1
9624 4 1
9648 4 1
9650 4 1
9662 4 1
9731 4 1
9736 4 1
9793 4 1
9857 4 1
9859 4 1
9866 4 1
9876 4 1
9883 4 1
9890 4 1
9927 4 1
9956 4 1
9964 4 1
9966 4 1
9971 4 1
10047 4 1
10144 4 1
10331 4 1
10367 4 1
10383 4 1
10391 4 1
10422 4 1
10453 4 1
10468 4 1
10526 4 1
10561 4 1
10940 4 1
10959 4 1
10999 4 1
11030 4 1
11038 4 1
11048 4 1
11059 4 1
11060 4 1
11135 4 1
11205 4 1
11277 4 1
11292 4 1
11311 4 1
11317 4 1
11327 4 1
11427 4 1
11460 4 1
11567 4 1
11722 4 1
11735 4 1
11763 4 1
11768 4 1
11872 4 1
11874 4 1
11883 4 1
11998 4 1
12009 4 1
12033 4 1
12053 4 1
12059 4 1
12076 4 1
12237 4 1
12260 4 1
12291 4 1
80 5 1
215 5 1
242 5 1
361 5 1
462 5 1
587 5 1
2133 5 1
2451 5 1
3599 5 1
4959 5 1
5524 5 1
5769 5 1
6117 5 1
6119 5 1
6233 5 1
6445 5 1
6571 5 1
6745 5 1
6758 5 1
6788 5 1
7151 5 1
7221 5 1
7225 5 1
7901 5 1
7969 5 1
8533 5 1
8681 5 1
8804 5 1
9099 5 1
9182 5 1
9267 5 1
9270 5 1
9522 5 1
9954 5 1
10030 5 1
10164 5 1
10282 5 1
10423 5 1
10620 5 1
10863 5 1
11286 5 1
11692 5 1
11755 5 1
11785 5 1
11823 5 1
12004 5 1
12092 5 1
12230 5 1
12269 5 1
12309 5 1
12407 5 1
12559 5 1
31 10 1
39 10 1
118 10 1
152 10 1
153 10 1
197 10 1
274 10 1
310 10 1
470 10 1
473 10 1
475 10 1
480 10 1
494 10 1
499 10 1
542 10 1
560 10 1
563 10 1
603 10 1
655 10 1
663 10 1
681 10 1
722 10 1
738 10 1
755 10 1
791 10 1
794 10 1
796 10 1
818 10 1
820 10 1
821 10 1
838 10 1
874 10 1
914 10 1
935 10 1
949 10 1
960 10 1
1079 10 1
1092 10 1
1135 10 1
1149 10 1
1172 10 1
1180 10 1
1181 10 1
1214 10 1
1259 10 1
1273 10 1
1328 10 1
1351 10 1
1353 10 1
1376 10 1
1456 10 1
1469 10 1
1478 10 1
1498 10 1
1568 10 1
1606 10 1
1607 10 1
1608 10 1
1644 10 1
1650 10 1
1684 10 1
1719 10 1
1762 10 1
1774 10 1
1784 10 1
1809 10 1
1811 10 1
1895 10 1
1899 10 1
1991 10 1
1999 10 1
2048 10 1
2108 10 1
2145 10 1
2176 10 1
2186 10 1
2267 10 1
2268 10 1
2278 10 1
2351 10 1
2402 10 1
2424 10 1
2426 10 1
2435 10 1
2483 10 1
2596 10 1
2599 10 1
2622 10 1
2633 10 1
2655 10 1
2678 10 1
2771 10 1
2798 10 1
2801 10 1
2834 10 1
2862 10 1
2863 10 1
2912 10 1
2924 10 1
2930 10 1
2966 10 1
3037 10 1
3079 10 1
3093 10 1
3114 10 1
3126 10 1
3128 10 1
3203 10 1
3235 10 1
3301 10 1
3311 10 1
3316 10 1
3354 10 1
3355 10 1
3361 10 1
3412 10 1
3437 10 1
3443 10 1
3465 10 1
3483 10 1
3484 10 1
3502 10 1
3577 10 1
3598 10 1
3618 10 1
3621 10 1
3624 10 1
3720 10 1
3773 10 1
3779 10 1
3790 10 1
3850 10 1
3867 10 1
3915 10 1
3951 10 1
3962 10 1
4068 10 1
4071 10 1
4103 10 1
4107 10 1
4149 10 1
4171 10 1
4283 10 1
4324 10 1
4334 10 1
4394 10 1
4450 10 1
4549 10 1
4601 10 1
4607 10 1
4636 10 1
4749 10 1
4813 10 1
4840 10 1
4861 10 1
4872 10 1
4888 10 1
4934 10 1
5039 10 1
5061 10 1
5138 10 1
5209 10 1
5232 10 1
5248 10 1
5257 10 1
5311 10 1
5403 10 1
5446 10 1
5489 10 1
5490 10 1
5500 10 1
5595 10 1
5615 10 1
5662 10 1
5670 10 1
5710 10 1
5717 10 1
5745 10 1
5749 10 1
5757 10 1
5868 10 1
5896 10 1
5915 10 1
5918 10 1
5932 10 1
5942 10 1
5946 10 1
5981 10 1
6063 10 1
6114 10 1
6146 10 1
6214 10 1
6260 10 1
6341 10 1
6368 10 1
6370 10 1
6472 10 1
6550 10 1
6570 10 1
6584 10 1
6662 10 1
6695 10 1
6702 10 1
6810 10 1
6820 10 1
6864 10 1
6923 10 1
6969 10 1
6985 10 1
7008 10 1
7024 10 1
7026 10 1
7037 10 1
7042 10 1
7087 10 1
7095 10 1
7098 10 1
7155 10 1
7157 10 1
7169 10 1
7197 10 1
7289 10 1
7303 10 1
7311 10 1
7337 10 1
7349 10 1
7384 10 1
7426 10 1
7439 10 1
7493 10 1
7504 10 1
7575 10 1
7593 10 1
7609 10 1
7610 10 1
7615 10 1
7635 10 1
7644 10 1
7671 10 1
7900 10 1
7909 10 1
7912 10 1
7937 10 1
7944 10 1
7963 10 1
8004 10 1
8133 10 1
8156 10 1
8195 10 1
8238 10 1
8247 10 1
8368 10 1
8405 10 1
8436 10 1
8462 10 1
8505 10 1
8514 10 1
8516 10 1
8527 10 1
8542 10 1
8625 10 1
8692 10 1
8702 10 1
8730 10 1
8731 10 1
8732 10 1
8779 10 1
8870 10 1
8878 10 1
8885 10 1
8886 10 1
8956 10 1
9016 10 1
9023 10 1
9126 10 1
9173 10 1
9252 10 1
9271 10 1
9272 10 1
9291 10 1
9295 10 1
9336 10 1
9337 10 1
9365 10 1
9395 10 1
9452 10 1
9511 10 1
9573 10 1
9594 10 1
9595 10 1
9596 10 1
9607 10 1
9624 10 1
9648 10 1
9738 10 1
9772 10 1
9773 10 1
9868 10 1
9915 10 1
9927 10 1
9929 10 1
9961 10 1
10050 10 1
10072 10 1
10165 10 1
10178 10 1
10198 10 1
10202 10 1
10251 10 1
10272 10 1
10331 10 1
10367 10 1
10372 10 1
10377 10 1
10390 10 1
10422 10 1
10436 10 1
10470 10 1
10476 10 1
10500 10 1
10527 10 1
10616 10 1
10665 10 1
10744 10 1
10804 10 1
10838 10 1
10873 10 1
10922 10 1
10961 10 1
10969 10 1
10975 10 1
11025 10 1
11035 10 1
11038 10 1
11041 10 1
11114 10 1
11150 10 1
11216 10 1
11285 10 1
11303 10 1
11323 10 1
11421 10 1
11430 10 1
11498 10 1
11567 10 1
11605 10 1
11683 10 1
11713 10 1
11735 10 1
11741 10 1
11757 10 1
11789 10 1
11814 10 1
11839 10 1
11859 10 1
11878 10 1
11998 10 1
12009 10 1
12019 10 1
12024 10 1
12082 10 1
12106 10 1
12142 10 1
12184 10 1
12285 10 1
12295 10 1
12300 10 1
12339 10 1
12359 10 1
12394 10 1
12413 10 1
12454 10 1
12478 10 1
12483 10 1
12512 10 1
12563 10 1
12592 10 1
12637 10 1
12652 10 1
22 11 1
42 11 1
217 11 1
366 11 1
395 11 1
730 11 1
1316 11 1
2225 11 1
2639 11 1
2918 11 1
3651 11 1
3700 11 1
4261 11 1
5348 11 1
5770 11 1
6392 11 1
6704 11 1
6893 11 1
7028 11 1
7156 11 1
7161 11 1
7665 11 1
8026 11 1
8151 11 1
8229 11 1
8411 11 1
8423 11 1
8450 11 1
8497 11 1
8509 11 1
8510 11 1
8512 11 1
8517 11 1
8531 11 1
8534 11 1
8542 11 1
8546 11 1
8551 11 1
8578 11 1
8602 11 1
8603 11 1
8665 11 1
8688 11 1
8701 11 1
8703 11 1
8723 11 1
8730 11 1
8731 11 1
8738 11 1
8759 11 1
8763 11 1
8776 11 1
8845 11 1
8847 11 1
8859 11 1
8860 11 1
8877 11 1
8882 11 1
8895 11 1
8896 11 1
8952 11 1
8953 11 1
8976 11 1
9009 11 1
9010 11 1
9023 11 1
9044 11 1
9056 11 1
9077 11 1
9108 11 1
9172 11 1
9173 11 1
9190 11 1
9194 11 1
9327 11 1
9387 11 1
9486 11 1
9488 11 1
9500 11 1
9504 11 1
9508 11 1
9584 11 1
9595 11 1
9596 11 1
9599 11 1
9708 11 1
9814 11 1
9822 11 1
9868 11 1
9906 11 1
10221 11 1
10243 11 1
10277 11 1
10285 11 1
10560 11 1
10585 11 1
10784 11 1
10822 11 1
10837 11 1
10851 11 1
10895 11 1
10944 11 1
11005 11 1
11035 11 1
11181 11 1
11214 11 1
11222 11 1
11223 11 1
11296 11 1
11302 11 1
11429 11 1
11476 11 1
11478 11 1
11479 11 1
11482 11 1
11611 11 1
11684 11 1
11703 11 1
11790 11 1
12106 11 1
12301 11 1
12315 11 1
12399 11 1
12419 11 1
12566 11 1
12629 11 1
12652 11 1
12676 11 1
15 12 1
115 12 1
120 12 1
165 12 1
306 12 1
396 12 1
434 12 1
589 12 1
595 12 1
600 12 1
720 12 1
772 12 1
934 12 1
1076 12 1
1154 12 1
1221 12 1
1343 12 1
1846 12 1
1934 12 1
2522 12 1
2829 12 1
2933 12 1
3060 12 1
3313 12 1
3350 12 1
3378 12 1
3398 12 1
3669 12 1
3671 12 1
3695 12 1
3733 12 1
3752 12 1
3817 12 1
3947 12 1
3957 12 1
3970 12 1
4209 12 1
4290 12 1
4293 12 1
4377 12 1
4503 12 1
4520 12 1
4693 12 1
4698 12 1
4791 12 1
4809 12 1
4839 12 1
4907 12 1
4923 12 1
5113 12 1
5311 12 1
5327 12 1
5363 12 1
5422 12 1
5430 12 1
5468 12 1
5495 12 1
5567 12 1
5817 12 1
5830 12 1
5953 12 1
6008 12 1
6044 12 1
6176 12 1
6478 12 1
6481 12 1
6680 12 1
6701 12 1
6765 12 1
6792 12 1
6902 12 1
6971 12 1
7183 12 1
7199 12 1
7229 12 1
7245 12 1
7398 12 1
7440 12 1
7541 12 1
7630 12 1
7678 12 1
7704 12 1
7895 12 1
8116 12 1
8126 12 1
8161 12 1
8235 12 1
8274 12 1
8451 12 1
8507 12 1
8632 12 1
8967 12 1
8997 12 1
9002 12 1
9116 12 1
9206 12 1
9216 12 1
9574 12 1
9765 12 1
9831 12 1
9938 12 1
9971 12 1
10062 12 1
10154 12 1
10168 12 1
10181 12 1
10253 12 1
10293 12 1
10305 12 1
10316 12 1
10413 12 1
10524 12 1
10544 12 1
10556 12 1
10984 12 1
11056 12 1
11193 12 1
11205 12 1
11209 12 1
11234 12 1
11442 12 1
11517 12 1
11579 12 1
11589 12 1
11741 12 1
11754 12 1
11911 12 1
11925 12 1
12041 12 1
12116 12 1
12162 12 1
12341 12 1
12361 12 1
12424 12 1
12440 12 1
12560 12 1
12589 12 1
953 17 1
4883 17 1
272 19 1
771 19 1
1956 19 1
2189 19 1
2373 19 1
2784 19 1
2924 19 1
3344 19 1
3395 19 1
3576 19 1
4006 19 1
4085 19 1
4341 19 1
4774 19 1
4913 19 1
5348 19 1
5482 19 1
5579 19 1
6011 19 1
6540 19 1
6670 19 1
6945 19 1
9841 19 1
10564 19 1
10593 19 1
10689 19 1
10761 19 1
10815 19 1
10827 19 1
11102 19 1
11276 19 1
11372 19 1
11391 19 1
11400 19 1
11522 19 1
11623 19 1
11646 19 1
11756 19 1
12170 19 1
12400 19 1
12493 19 1
12563 19 1
1204 21 1
2214 21 1
3155 21 1
3833 21 1
3932 21 1
4689 21 1
5550 21 1
5178 22 1
6392 22 1
8508 22 1
39 23 1
51 23 1
106 23 1
118 23 1
139 23 1
153 23 1
168 23 1
170 23 1
251 23 1
362 23 1
427 23 1
473 23 1
497 23 1
501 23 1
503 23 1
537 23 1
541 23 1
542 23 1
564 23 1
611 23 1
612 23 1
631 23 1
679 23 1
716 23 1
745 23 1
749 23 1
759 23 1
763 23 1
765 23 1
814 23 1
824 23 1
858 23 1
876 23 1
1000 23 1
1048 23 1
1092 23 1
1096 23 1
1171 23 1
1180 23 1
1194 23 1
1199 23 1
1206 23 1
1284 23 1
1288 23 1
1299 23 1
1321 23 1
1336 23 1
1418 23 1
1456 23 1
1463 23 1
1473 23 1
1474 23 1
1494 23 1
1529 23 1
1572 23 1
1607 23 1
1608 23 1
1671 23 1
1715 23 1
1716 23 1
1736 23 1
1747 23 1
1774 23 1
1815 23 1
1858 23 1
1865 23 1
1889 23 1
1921 23 1
1924 23 1
1990 23 1
1996 23 1
1999 23 1
2010 23 1
2026 23 1
2030 23 1
2066 23 1
2081 23 1
2096 23 1
2267 23 1
2308 23 1
2409 23 1
2444 23 1
2480 23 1
2507 23 1
2525 23 1
2530 23 1
2582 23 1
2626 23 1
2655 23 1
2746 23 1
2764 23 1
2810 23 1
2825 23 1
2837 23 1
2869 23 1
2920 23 1
2932 23 1
2940 23 1
3093 23 1
3104 23 1
3247 23 1
3261 23 1
3291 23 1
3313 23 1
3354 23 1
3397 23 1
3404 23 1
3586 23 1
3603 23 1
3606 23 1
3609 23 1
3621 23 1
3624 23 1
3630 23 1
3635 23 1
3650 23 1
3708 23 1
3739 23 1
3752 23 1
3758 23 1
3771 23 1
3935 23 1
3963 23 1
3969 23 1
3974 23 1
3984 23 1
4015 23 1
4018 23 1
4031 23 1
4061 23 1
4090 23 1
4091 23 1
4103 23 1
4130 23 1
4144 23 1
4166 23 1
4238 23 1
4251 23 1
4265 23 1
4277 23 1
4283 23 1
4286 23 1
4292 23 1
4303 23 1
4350 23 1
4463 23 1
4464 23 1
4499 23 1
4607 23 1
4616 23 1
4694 23 1
4749 23 1
4792 23 1
4804 23 1
4835 23 1
4861 23 1
4888 23 1
5088 23 1
5117 23 1
5219 23 1
5323 23 1
5403 23 1
5410 23 1
5413 23 1
5432 23 1
5496 23 1
5500 23 1
5507 23 1
5527 23 1
5611 23 1
5629 23 1
5662 23 1
5663 23 1
5670 23 1
5681 23 1
5701 23 1
5727 23 1
5745 23 1
5747 23 1
5797 23 1
5807 23 1
5811 23 1
5882 23 1
5904 23 1
5952 23 1
6039 23 1
6117 23 1
6118 23 1
6119 23 1
6132 23 1
6148 23 1
6216 23 1
6238 23 1
6446 23 1
6447 23 1
6448 23 1
6550 23 1
6606 23 1
6748 23 1
6757 23 1
6768 23 1
6780 23 1
6810 23 1
6846 23 1
6855 23 1
7022 23 1
7024 23 1
7037 23 1
7095 23 1
7125 23 1
7132 23 1
7248 23 1
7250 23 1
7426 23 1
7471 23 1
7504 23 1
7575 23 1
7603 23 1
7667 23 1
7671 23 1
7675 23 1
7730 23 1
7900 23 1
7962 23 1
8004 23 1
8042 23 1
8133 23 1
8159 23 1
8177 23 1
8313 23 1
8338 23 1
8436 23 1
8516 23 1
8527 23 1
8563 23 1
8573 23 1
8697 23 1
8720 23 1
8741 23 1
8830 23 1
8870 23 1
8886 23 1
9070 23 1
9131 23 1
9161 23 1
9295 23 1
9538 23 1
9568 23 1
9594 23 1
9635 23 1
9640 23 1
9665 23 1
9670 23 1
9673 23 1
9691 23 1
9738 23 1
9766 23 1
9772 23 1
9776 23 1
9794 23 1
9911 23 1
9952 23 1
9967 23 1
10050 23 1
10202 23 1
10312 23 1
10391 23 1
10468 23 1
10500 23 1
10519 23 1
10527 23 1
10630 23 1
10676 23 1
10702 23 1
10728 23 1
10799 23 1
10803 23 1
10820 23 1
10838 23 1
10977 23 1
11044 23 1
11142 23 1
11151 23 1
11164 23 1
11189 23 1
11190 23 1
11257 23 1
11303 23 1
11336 23 1
11468 23 1
11488 23 1
11683 23 1
11713 23 1
11879 23 1
12019 23 1
12028 23 1
12082 23 1
12085 23 1
12106 23 1
12184 23 1
12196 23 1
12251 23 1
12264 23 1
12285 23 1
12321 23 1
12351 23 1
12394 23 1
12401 23 1
12407 23 1
12415 23 1
12460 23 1
12478 23 1
12530 23 1
12637 23 1
12 24 1
20 24 1
157 24 1
247 24 1
299 24 1
448 24 1
450 24 1
505 24 1
531 24 1
691 24 1
816 24 1
839 24 1
946 24 1
951 24 1
1078 24 1
1135 24 1
1244 24 1
1371 24 1
1414 24 1
1551 24 1
1628 24 1
1665 24 1
1686 24 1
1687 24 1
1737 24 1
1785 24 1
1909 24 1
1918 24 1
2071 24 1
2142 24 1
2178 24 1
2350 24 1
2387 24 1
2392 24 1
2414 24 1
2499 24 1
2538 24 1
2651 24 1
2688 24 1
2736 24 1
2824 24 1
2904 24 1
3096 24 1
3281 24 1
3324 24 1
3367 24 1
3565 24 1
3618 24 1
3659 24 1
3890 24 1
3899 24 1
3943 24 1
3952 24 1
3972 24 1
4020 24 1
4438 24 1
4523 24 1
4595 24 1
4600 24 1
4729 24 1
4767 24 1
4978 24 1
5030 24 1
5052 24 1
5128 24 1
5140 24 1
5384 24 1
5453 24 1
5545 24 1
5640 24 1
5690 24 1
5875 24 1
5878 24 1
6023 24 1
6202 24 1
6384 24 1
6732 24 1
6757 24 1
6863 24 1
6896 24 1
6988 24 1
7595 24 1
7601 24 1
7624 24 1
8107 24 1
8120 24 1
8262 24 1
8287 24 1
8740 24 1
8748 24 1
8752 24 1
8918 24 1
9435 24 1
9571 24 1
9729 24 1
10123 24 1
10212 24 1
10315 24 1
10343 24 1
10473 24 1
10571 24 1
10634 24 1
10672 24 1
10703 24 1
10858 24 1
11042 24 1
11954 24 1
12136 24 1
12218 24 1
12588 24 1
217 25 1
582 25 1
730 25 1
1083 25 1
1316 25 1
1827 25 1
1877 25 1
2478 25 1
2639 25 1
2918 25 1
3373 25 1
4239 25 1
5379 25 1
5770 25 1
6596 25 1
6852 25 1
6893 25 1
7156 25 1
8206 25 1
8390 25 1
8411 25 1
8423 25 1
8512 25 1
8517 25 1
8518 25 1
8534 25 1
8539 25 1
8546 25 1
8551 25 1
8578 25 1
8681 25 1
8807 25 1
8845 25 1
8847 25 1
8859 25 1
8860 25 1
8882 25 1
8930 25 1
8980 25 1
9056 25 1
9077 25 1
9080 25 1
9194 25 1
9247 25 1
9471 25 1
9486 25 1
9559 25 1
9572 25 1
9596 25 1
9795 25 1
9814 25 1
9822 25 1
10014 25 1
10055 25 1
10132 25 1
10285 25 1
11064 25 1
11223 25 1
11380 25 1
11429 25 1
11837 25 1
12208 25 1
128 26 1
1223 26 1
8314 26 1
9707 26 1
10436 26 1
10612 26 1
11323 26 1
12401 26 1
12449 26 1
20 29 1
48 29 1
178 29 1
205 29 1
219 29 1
220 29 1
232 29 1
260 29 1
271 29 1
300 29 1
322 29 1
325 29 1
343 29 1
346 29 1
369 29 1
383 29 1
386 29 1
392 29 1
396 29 1
412 29 1
886 29 1
1235 29 1
1445 29 1
1503 29 1
1819 29 1
1891 29 1
1959 29 1
2198 29 1
2435 29 1
2584 29 1
2603 29 1
2621 29 1
2826 29 1
2894 29 1
3390 29 1
3539 29 1
3577 29 1
3582 29 1
4339 29 1
4652 29 1
4817 29 1
4823 29 1
5118 29 1
5166 29 1
5220 29 1
5241 29 1
5286 29 1
5336 29 1
5382 29 1
5396 29 1
5411 29 1
5415 29 1
5431 29 1
5508 29 1
5581 29 1
5734 29 1
5751 29 1
5773 29 1
5774 29 1
5816 29 1
5863 29 1
5864 29 1
5870 29 1
5920 29 1
5921 29 1
6026 29 1
6045 29 1
6058 29 1
6130 29 1
6136 29 1
6161 29 1
6193 29 1
6203 29 1
6207 29 1
6248 29 1
6265 29 1
6266 29 1
6267 29 1
6268 29 1
6270 29 1
6296 29 1
6325 29 1
6329 29 1
6330 29 1
6351 29 1
6408 29 1
6412 29 1
6451 29 1
6453 29 1
6489 29 1
6491 29 1
6492 29 1
6493 29 1
6494 29 1
6495 29 1
6496 29 1
6497 29 1
6498 29 1
6499 29 1
6500 29 1
6511 29 1
6528 29 1
6529 29 1
6533 29 1
6539 29 1
6578 29 1
6592 29 1
6627 29 1
6688 29 1
6763 29 1
6778 29 1
6816 29 1
6829 29 1
6847 29 1
6952 29 1
6966 29 1
6972 29 1
7009 29 1
7014 29 1
7017 29 1
7021 29 1
7135 29 1
7205 29 1
7206 29 1
7211 29 1
7254 29 1
7279 29 1
7291 29 1
7345 29 1
7353 29 1
7355 29 1
7364 29 1
7381 29 1
7413 29 1
7463 29 1
7476 29 1
7480 29 1
7526 29 1
7527 29 1
7528 29 1
7540 29 1
7543 29 1
7564 29 1
7565 29 1
7587 29 1
7626 29 1
7683 29 1
7691 29 1
7697 29 1
7703 29 1
7712 29 1
7721 29 1
7734 29 1
7801 29 1
7819 29 1
7821 29 1
7837 29 1
7841 29 1
7842 29 1
7843 29 1
7844 29 1
7846 29 1
7854 29 1
7857 29 1
7938 29 1
7958 29 1
8029 29 1
8122 29 1
8126 29 1
8138 29 1
8216 29 1
8230 29 1
8262 29 1
8322 29 1
8391 29 1
8426 29 1
8461 29 1
8591 29 1
8698 29 1
8739 29 1
8775 29 1
8813 29 1
8829 29 1
8831 29 1
8957 29 1
9027 29 1
9031 29 1
9090 29 1
9188 29 1
9236 29 1
9265 29 1
9625 29 1
9710 29 1
9786 29 1
9975 29 1
10092 29 1
10105 29 1
10162 29 1
10191 29 1
10223 29 1
10230 29 1
10308 29 1
10312 29 1
10376 29 1
10384 29 1
10428 29 1
10545 29 1
10608 29 1
10677 29 1
10681 29 1
10703 29 1
10722 29 1
10725 29 1
10755 29 1
10756 29 1
10815 29 1
10816 29 1
10864 29 1
10881 29 1
10915 29 1
10994 29 1
10995 29 1
11001 29 1
11040 29 1
11084 29 1
11167 29 1
11191 29 1
11336 29 1
11353 29 1
11409 29 1
11418 29 1
11459 29 1
11536 29 1
11537 29 1
11553 29 1
11594 29 1
11612 29 1
11637 29 1
11725 29 1
11727 29 1
11736 29 1
11746 29 1
11773 29 1
11799 29 1
11833 29 1
11853 29 1
11856 29 1
11870 29 1
11885 29 1
11893 29 1
11914 29 1
11921 29 1
11959 29 1
11976 29 1
11996 29 1
12005 29 1
12138 29 1
12166 29 1
12168 29 1
12183 29 1
12404 29 1
12406 29 1
12546 29 1
12548 29 1
12555 29 1
12571 29 1
12587 29 1
12596 29 1
12602 29 1
12613 29 1
12620 29 1
12673 29 1
25 31 1
47 31 1
94 31 1
157 31 1
182 31 1
199 31 1
232 31 1
579 31 1
580 31 1
1819 31 1
1989 31 1
2221 31 1
2435 31 1
3128 31 1
3165 31 1
3589 31 1
4251 31 1
4364 31 1
4484 31 1
4855 31 1
4888 31 1
5070 31 1
5122 31 1
5175 31 1
5201 31 1
5202 31 1
5220 31 1
5311 31 1
5320 31 1
5327 31 1
5371 31 1
5403 31 1
5411 31 1
5419 31 1
5505 31 1
5510 31 1
5626 31 1
5633 31 1
5651 31 1
5727 31 1
5744 31 1
5745 31 1
5804 31 1
5816 31 1
5868 31 1
5893 31 1
5921 31 1
5944 31 1
5974 31 1
6095 31 1
6104 31 1
6130 31 1
6310 31 1
6321 31 1
6378 31 1
6399 31 1
6487 31 1
6606 31 1
6627 31 1
6664 31 1
6923 31 1
6969 31 1
6998 31 1
7021 31 1
7135 31 1
7211 31 1
7217 31 1
7220 31 1
7282 31 1
7323 31 1
7575 31 1
7663 31 1
7882 31 1
7931 31 1
8057 31 1
8138 31 1
8174 31 1
8225 31 1
8270 31 1
8370 31 1
8372 31 1
8693 31 1
8771 31 1
8838 31 1
8966 31 1
9102 31 1
9156 31 1
9201 31 1
9277 31 1
9283 31 1
9319 31 1
9431 31 1
9448 31 1
9468 31 1
9563 31 1
9649 31 1
9777 31 1
9839 31 1
9890 31 1
9958 31 1
9967 31 1
9969 31 1
10288 31 1
10322 31 1
10325 31 1
10441 31 1
10442 31 1
10561 31 1
10634 31 1
10649 31 1
10665 31 1
10683 31 1
10751 31 1
10806 31 1
10813 31 1
10924 31 1
10940 31 1
10974 31 1
11145 31 1
11327 31 1
11334 31 1
11340 31 1
11450 31 1
11558 31 1
11722 31 1
11728 31 1
11786 31 1
11795 31 1
11809 31 1
11820 31 1
11832 31 1
11866 31 1
11901 31 1
11944 31 1
11945 31 1
11946 31 1
11947 31 1
11948 31 1
11949 31 1
11974 31 1
12114 31 1
12143 31 1
12149 31 1
12291 31 1
12293 31 1
12299 31 1
12372 31 1
12464 31 1
12545 31 1
12627 31 1
12656 31 1
12661 31 1
72 32 1
406 32 1
8016 32 1
11007 32 1
11641 32 1
11791 32 1
12628 32 1
2744 33 1
3390 33 1
4403 33 1
642 34 1
645 34 1
713 34 1
1012 34 1
1031 34 1
1046 34 1
1123 34 1
1159 34 1
1203 34 1
1257 34 1
1275 34 1
1398 34 1
1547 34 1
1573 34 1
1609 34 1
1730 34 1
1777 34 1
1809 34 1
2093 34 1
2312 34 1
2500 34 1
2824 34 1
2826 34 1
2862 34 1
2972 34 1
3104 34 1
3499 34 1
3674 34 1
3693 34 1
3727 34 1
3797 34 1
3859 34 1
4204 34 1
5014 34 1
5283 34 1
5372 34 1
5458 34 1
6399 34 1
6476 34 1
7518 34 1
8044 34 1
8357 34 1
8613 34 1
8627 34 1
9061 34 1
9492 34 1
9511 34 1
10474 34 1
11549 34 1
11970 34 1
12161 34 1
12571 34 1
384 35 1
646 35 1
703 35 1
940 35 1
1053 35 1
1427 35 1
1438 35 1
1506 35 1
1513 35 1
1544 35 1
1641 35 1
1767 35 1
1790 35 1
1850 35 1
2074 35 1
2159 35 1
2221 35 1
2224 35 1
2291 35 1
2305 35 1
2319 35 1
2418 35 1
2734 35 1
2793 35 1
2885 35 1
2938 35 1
2964 35 1
2966 35 1
3052 35 1
3181 35 1
3811 35 1
3950 35 1
4030 35 1
4160 35 1
4269 35 1
4423 35 1
4519 35 1
4549 35 1
4853 35 1
4889 35 1
4917 35 1
4996 35 1
4997 35 1
5021 35 1
5267 35 1
5413 35 1
5512 35 1
5536 35 1
5567 35 1
5823 35 1
5849 35 1
5889 35 1
6010 35 1
6052 35 1
6412 35 1
6428 35 1
6438 35 1
6559 35 1
6634 35 1
6635 35 1
6743 35 1
6755 35 1
6762 35 1
6929 35 1
6997 35 1
7118 35 1
7312 35 1
7323 35 1
7469 35 1
7554 35 1
7658 35 1
7666 35 1
7669 35 1
7852 35 1
7922 35 1
8157 35 1
8387 35 1
8392 35 1
8790 35 1
8791 35 1
8825 35 1
8977 35 1
9232 35 1
9291 35 1
9322 35 1
9369 35 1
9373 35 1
9477 35 1
9736 35 1
9969 35 1
10052 35 1
10102 35 1
10288 35 1
10338 35 1
10423 35 1
10710 35 1
10868 35 1
11055 35 1
11135 35 1
11628 35 1
11680 35 1
11974 35 1
11979 35 1
12291 35 1
12484 35 1
12574 35 1
12 36 1
40 36 1
46 36 1
54 36 1
157 36 1
178 36 1
199 36 1
295 36 1
436 36 1
439 36 1
491 36 1
515 36 1
516 36 1
527 36 1
529 36 1
551 36 1
604 36 1
613 36 1
660 36 1
750 36 1
816 36 1
822 36 1
885 36 1
889 36 1
910 36 1
977 36 1
1014 36 1
1049 36 1
1146 36 1
1173 36 1
1179 36 1
1183 36 1
1192 36 1
1255 36 1
1343 36 1
1366 36 1
1393 36 1
1394 36 1
1460 36 1
1497 36 1
1587 36 1
1626 36 1
1760 36 1
1826 36 1
1875 36 1
2006 36 1
2035 36 1
2111 36 1
2130 36 1
2134 36 1
2155 36 1
2164 36 1
2230 36 1
2351 36 1
2511 36 1
2586 36 1
2617 36 1
2659 36 1
2694 36 1
2707 36 1
2722 36 1
2754 36 1
2777 36 1
2803 36 1
2877 36 1
2895 36 1
2971 36 1
2973 36 1
3139 36 1
3140 36 1
3233 36 1
3293 36 1
3299 36 1
3415 36 1
3568 36 1
3601 36 1
3602 36 1
3605 36 1
3635 36 1
3712 36 1
3716 36 1
3754 36 1
3991 36 1
4128 36 1
4264 36 1
4292 36 1
4329 36 1
4356 36 1
4367 36 1
4371 36 1
4427 36 1
4597 36 1
4626 36 1
4638 36 1
4681 36 1
4696 36 1
4821 36 1
4854 36 1
4892 36 1
4933 36 1
5046 36 1
5050 36 1
5099 36 1
5115 36 1
5120 36 1
5124 36 1
5135 36 1
5146 36 1
5185 36 1
5188 36 1
5195 36 1
5235 36 1
5376 36 1
5406 36 1
5407 36 1
5485 36 1
5510 36 1
5601 36 1
5626 36 1
5643 36 1
5714 36 1
5730 36 1
5777 36 1
5900 36 1
5949 36 1
6293 36 1
6310 36 1
6325 36 1
6434 36 1
6511 36 1
6622 36 1
6668 36 1
6678 36 1
6698 36 1
6709 36 1
6802 36 1
6805 36 1
6855 36 1
6878 36 1
6896 36 1
6916 36 1
6973 36 1
7056 36 1
7079 36 1
7158 36 1
7217 36 1
7328 36 1
7347 36 1
7521 36 1
7524 36 1
7590 36 1
7613 36 1
7754 36 1
7822 36 1
7877 36 1
7882 36 1
7885 36 1
7954 36 1
8076 36 1
8101 36 1
8132 36 1
8150 36 1
8218 36 1
8221 36 1
8225 36 1
8295 36 1
8371 36 1
8385 36 1
8391 36 1
8404 36 1
8476 36 1
8775 36 1
8879 36 1
8926 36 1
8966 36 1
9069 36 1
9121 36 1
9127 36 1
9145 36 1
9168 36 1
9261 36 1
9283 36 1
9333 36 1
9362 36 1
9409 36 1
9518 36 1
9527 36 1
9654 36 1
9701 36 1
9922 36 1
9954 36 1
9958 36 1
9974 36 1
10104 36 1
10105 36 1
10127 36 1
10159 36 1
10172 36 1
10216 36 1
10260 36 1
10315 36 1
10334 36 1
10381 36 1
10398 36 1
10530 36 1
10595 36 1
10672 36 1
10813 36 1
11015 36 1
11147 36 1
11813 36 1
11864 36 1
11926 36 1
12048 36 1
12069 36 1
12134 36 1
12136 36 1
12507 36 1
12581 36 1
12586 36 1
7506 37 1
7555 37 1
8229 37 1
8454 37 1
8763 37 1
8975 37 1
9388 37 1
9810 37 1
10105 37 1
11103 37 1
11611 37 1
11689 37 1
12018 37 1
677 38 1
971 38 1
1027 38 1
1041 38 1
1131 38 1
1240 38 1
1286 38 1
1301 38 1
1303 38 1
1515 38 1
1692 38 1
1966 38 1
2327 38 1
2495 38 1
2555 38 1
2590 38 1
2759 38 1
3160 38 1
3777 38 1
4030 38 1
4176 38 1
9688 38 1
